% Model:              CVD_S_Multiphysics_Coupled.mph
% Version:            COMSOL 6.4.0.378
% Date:               Sep 25 2026, 14:33
% Dimension:          2
% Nodes:              101
% Expressions:        1
% Description:        Velocity magnitude
% Length unit:        m
% R                       Z                        spf.U (m/s)
7.5E-5                    0.2                      7.991284743996503E-17
1.1424999999999999E-4     0.2                      0.41846223990946496
1.535E-4                  0.2                      0.7107667573780927
1.9275E-4                 0.2                      0.9348721149433038
2.32E-4                   0.2                      1.1161261678977419
2.7125E-4                 0.2                      1.2666546155096934
3.1049999999999996E-4     0.2                      1.3966227045781279
3.4974999999999996E-4     0.2                      1.5078552404646428
3.8899999999999997E-4     0.2                      1.6072168840824095
4.2825E-4                 0.2                      1.6954563405498755
4.675E-4                  0.2                      1.7732991526894295
5.0675E-4                 0.2                      1.8443078580581322
5.459999999999999E-4      0.2                      1.90887826818142
5.852499999999999E-4      0.2                      1.967022138344539
6.245E-4                  0.2                      2.01931721848488
6.6375E-4                 0.2                      2.0675410183434733
7.03E-4                   0.2                      2.111870433261504
7.4225E-4                 0.2                      2.1523268829044575
7.815E-4                  0.2                      2.18891036665918
8.2075E-4                 0.2                      2.2219792626941084
8.6E-4                    0.2                      2.252356866365694
8.9925E-4                 0.2                      2.2800337014259946
9.385E-4                  0.2                      2.3050183006743707
9.7775E-4                 0.2                      2.3273980875331652
0.001017                  0.2                      2.347543393758862
0.00105625                0.2                      2.365560327775581
0.0010955                 0.2                      2.3814319224457727
0.00113475                0.2                      2.395222607313225
0.001174                  0.2                      2.4071813551776646
0.00121325                0.2                      2.417341013895789
0.0012525                 0.2                      2.425707178028206
0.00129175                0.2                      2.432318856562988
0.001331                  0.2                      2.4373418436208225
0.00137025                0.2                      2.4407948366311714
0.0014095                 0.2                      2.442672727982116
0.00144875                0.2                      2.4430544802057432
0.001488                  0.2                      2.4419962830690216
0.00152725                0.2                      2.4394985148681325
0.0015665                 0.2                      2.435609895932024
0.00160575                0.2                      2.4303645090438293
0.001645                  0.2                      2.423792843416383
0.00168425                0.2                      2.4158953569709536
0.0017235                 0.2                      2.4067132029866896
0.00176275                0.2                      2.396264266410696
0.001802                  0.2                      2.3845813912936076
0.00184125                0.2                      2.3716696274705447
0.0018805                 0.2                      2.3575390140448316
0.00191975                0.2                      2.3422015442098467
0.001959                  0.2                      2.3256952537646116
0.00199825                0.2                      2.3080239688546986
0.0020375                 0.2                      2.2891876893526493
0.00207675                0.2                      2.269189797545285
0.002116                  0.2                      2.2480609019140014
0.00215525                0.2                      2.2258115338768563
0.0021945                 0.2                      2.202441717570444
0.00223375                0.2                      2.177951452946214
0.002273                  0.2                      2.1523543389189843
0.00231225                0.2                      2.1256654247553683
0.0023515                 0.2                      2.0978845149174274
0.00239075                0.2                      2.0690119228895307
0.00243                   0.2                      2.0390637659141078
0.00246925                0.2                      2.0080414168792813
0.0025085                 0.2                      1.9759447315963434
0.00254775                0.2                      1.9427814256603475
0.002587                  0.2                      1.9085613596359707
0.0026262499999999997     0.2                      1.8732850250197177
0.0026655                 0.2                      1.8369536317847868
0.0027047499999999997     0.2                      1.7995736384639816
0.002744                  0.2                      1.7611496734995407
0.0027832499999999997     0.2                      1.7216834792559852
0.0028225                 0.2                      1.6811810624551269
0.0028617499999999997     0.2                      1.6396425441504616
0.002901                  0.2                      1.5970743610104383
0.0029402499999999997     0.2                      1.5534792934835298
0.0029795                 0.2                      1.5088606016552124
0.0030187499999999997     0.2                      1.4632223051898796
0.003058                  0.2                      1.4165648579135148
0.0030972499999999997     0.2                      1.3688930094393437
0.0031365                 0.2                      1.3202085595205708
0.0031757499999999998     0.2                      1.2705206985186124
0.003215                  0.2                      1.2198313408375365
0.0032542499999999998     0.2                      1.1681393052761615
0.0032935                 0.2                      1.1154451306021416
0.0033327499999999998     0.2                      1.0617594134015975
0.003372                  0.2                      1.0070839571039853
0.00341125                0.2                      0.9514185854396628
0.0034505                 0.2                      0.8947673848045339
0.00348975                0.2                      0.8371376683676087
0.003529                  0.2                      0.7785291847923244
0.00356825                0.2                      0.7189417121018818
0.0036075                 0.2                      0.6583804400431245
0.00364675                0.2                      0.5968528819640345
0.003686                  0.2                      0.5343611183067899
0.00372525                0.2                      0.47090452800275556
0.0037645                 0.2                      0.40648713255136704
0.00380375                0.2                      0.3411145787363595
0.0038429999999999996     0.2                      0.274787490622054
0.00388225                0.2                      0.20751005580991497
0.0039215                 0.2                      0.13928434423751582
0.00396075                0.2                      0.0701135032172672
0.004                     0.2                      1.817137219480755E-15
