% Model:              CVD_S_Multiphysics_Coupled.mph
% Version:            COMSOL 6.4.0.378
% Date:               Sep 25 2026, 15:40
% Dimension:          2
% Nodes:              101
% Expressions:        1
% Description:        Velocity magnitude
% Length unit:        m
% R                       Z                        spf.U (m/s)
7.5E-5                    0.11                     2.39657055596898E-16
1.1424999999999999E-4     0.11                     0.6228914582139254
1.535E-4                  0.11                     1.0580194613247436
1.9275E-4                 0.11                     1.3917852218086801
2.32E-4                   0.11                     1.6623446454756974
2.7125E-4                 0.11                     1.8866096429591381
3.1049999999999996E-4     0.11                     2.0800716167823334
3.4974999999999996E-4     0.11                     2.246397575771122
3.8899999999999997E-4     0.11                     2.3945569015272734
4.2825E-4                 0.11                     2.52623379928038
4.675E-4                  0.11                     2.6427234612427903
5.0675E-4                 0.11                     2.7488514722069204
5.459999999999999E-4      0.11                     2.8450697990333853
5.852499999999999E-4      0.11                     2.9310081814927846
6.245E-4                  0.11                     3.009931552726291
6.6375E-4                 0.11                     3.0824339894597346
7.03E-4                   0.11                     3.1485154918194254
7.4225E-4                 0.11                     3.208184764574739
7.815E-4                  0.11                     3.26222907012072
8.2075E-4                 0.11                     3.3118942997402585
8.6E-4                    0.11                     3.357236476136623
8.9925E-4                 0.11                     3.3982555990879977
9.385E-4                  0.11                     3.4349516685147057
9.7775E-4                 0.11                     3.4679898454129536
0.001017                  0.11                     3.497654539146709
0.00105625                0.11                     3.5239394185155373
0.0010955                 0.11                     3.546875730772368
0.00113475                0.11                     3.5668683091715914
0.001174                  0.11                     3.5840001053278905
0.00121325                0.11                     3.5982699309845043
0.0012525                 0.11                     3.6097646058863235
0.00129175                0.11                     3.618754437776919
0.001331                  0.11                     3.625257085139699
0.00137025                0.11                     3.629282982896801
0.0014095                 0.11                     3.6308850272378894
0.00144875                0.11                     3.6302651904922274
0.001488                  0.11                     3.6274453377177682
0.00152725                0.11                     3.622412746986407
0.0015665                 0.11                     3.615209323095747
0.00160575                0.11                     3.605965221056649
0.001645                  0.11                     3.5947163869850915
0.00168425                0.11                     3.581492724809391
0.0017235                 0.11                     3.566294234529539
0.00176275                0.11                     3.549166092686363
0.001802                  0.11                     3.5301863392562347
0.00184125                0.11                     3.5093668679537573
0.0018805                 0.11                     3.486731335192106
0.00191975                0.11                     3.4622802209896384
0.001959                  0.11                     3.4360784419113353
0.00199825                0.11                     3.408153662087757
0.0020375                 0.11                     3.378513350433267
0.00207675                0.11                     3.347169817943505
0.002116                  0.11                     3.3141654221852703
0.00215525                0.11                     3.2795046738454507
0.0021945                 0.11                     3.2432132267074505
0.00223375                0.11                     3.20530419018619
0.002273                  0.11                     3.165800829855266
0.00231225                0.11                     3.124708556443855
0.0023515                 0.11                     3.0820529936349645
0.00239075                0.11                     3.0378427295590873
0.00243                   0.11                     2.992088166949688
0.00246925                0.11                     2.9448031195799214
0.0025085                 0.11                     2.8960114919626307
0.00254775                0.11                     2.84571966273987
0.002587                  0.11                     2.793923754559525
0.0026262499999999997     0.11                     2.74064441436289
0.0026655                 0.11                     2.685899832075594
0.0027047499999999997     0.11                     2.6296952674375143
0.002744                  0.11                     2.5720319586539446
0.0027832499999999997     0.11                     2.512927940081567
0.0028225                 0.11                     2.4523891486963616
0.0028617499999999997     0.11                     2.3904197547244403
0.002901                  0.11                     2.327028943830934
0.0029402499999999997     0.11                     2.2622338022178403
0.0029795                 0.11                     2.196033237335285
0.0030187499999999997     0.11                     2.128428922048591
0.003058                  0.11                     2.0594353089186246
0.0030972499999999997     0.11                     1.9890579121501182
0.0031365                 0.11                     1.917303469958532
0.0031757499999999998     0.11                     1.8441725477041009
0.003215                  0.11                     1.7696785158685688
0.0032542499999999998     0.11                     1.693824398975099
0.0032935                 0.11                     1.6166112184297645
0.0033327499999999998     0.11                     1.538046444980028
0.003372                  0.11                     1.4581378532077371
0.00341125                0.11                     1.376892292438093
0.0034505                 0.11                     1.2943078259516514
0.00348975                0.11                     1.2103841260318224
0.003529                  0.11                     1.125136570118848
0.00356825                0.11                     1.038568080984986
0.0036075                 0.11                     0.9506795853339622
0.00364675                0.11                     0.8614710013291448
0.003686                  0.11                     0.7709536715667701
0.00372525                0.11                     0.6791286985913251
0.0037645                 0.11                     0.585997179360097
0.00380375                0.11                     0.4915658135031801
0.0038429999999999996     0.11                     0.39583593447117693
0.00388225                0.11                     0.2988114680142332
0.0039215                 0.11                     0.2004952616400895
0.00396075                0.11                     0.10089046020329769
0.004                     0.11                     3.3527764921953185E-15
