% Model:              CVD_S_Multiphysics_Coupled.mph
% Version:            COMSOL 6.4.0.378
% Date:               Sep 13 2026, 11:23
% Dimension:          2
% Nodes:              1001
% Expressions:        1
% Description:        Temperature
% Length unit:        m
% R                       Z                        T (K)
0.0039                    0                        772.9937241680009
0.0039                    2.2E-4                   772.9937234335338
0.0039                    4.4E-4                   772.9937212645696
0.0039                    6.6E-4                   772.9937177153073
0.0039                    8.8E-4                   772.993712842985
0.0039                    0.0011                   772.9937067742663
0.0039                    0.00132                  772.9936996528145
0.0039                    0.0015400000000000001    772.9936916323546
0.0039                    0.00176                  772.9936828993834
0.0039                    0.00198                  772.9936736289995
0.0039                    0.0022                   772.9936639640897
0.0039                    0.0024200000000000003    772.9936540206735
0.0039                    0.00264                  772.9936438945311
0.0039                    0.00286                  772.9936336810298
0.0039                    0.0030800000000000003    772.9936234720915
0.0039                    0.0033                   772.9936133513638
0.0039                    0.00352                  772.9936034086747
0.0039                    0.0037400000000000003    772.9935937067662
0.0039                    0.00396                  772.9935843017599
0.0039                    0.0041800000000000006    772.9935752555959
0.0039                    0.0044                   772.9935666210773
0.0039                    0.00462                  772.9935584326906
0.0039                    0.0048400000000000006    772.9935507105012
0.0039                    0.00506                  772.9935434645683
0.0039                    0.00528                  772.9935366922259
0.0039                    0.0055000000000000005    772.9935303874571
0.0039                    0.00572                  772.9935245503709
0.0039                    0.00594                  772.993519185795
0.0039                    0.0061600000000000005    772.9935142861108
0.0039                    0.00638                  772.9935098332315
0.0039                    0.0066                   772.9935058015748
0.0039                    0.0068200000000000005    772.9935021639149
0.0039                    0.00704                  772.9934988960323
0.0039                    0.00726                  772.9934959702925
0.0039                    0.0074800000000000005    772.9934933741429
0.0039                    0.0077                   772.993491112964
0.0039                    0.00792                  772.9934892136378
0.0039                    0.00814                  772.9934876968571
0.0039                    0.008360000000000001     772.9934865817235
0.0039                    0.00858                  772.9934858813389
0.0039                    0.0088                   772.9934855952299
0.0039                    0.00902                  772.9934857106539
0.0039                    0.00924                  772.9934862290589
0.0039                    0.00946                  772.993487155504
0.0039                    0.009680000000000001     772.9934884831912
0.0039                    0.0099                   772.9934902298526
0.0039                    0.01012                  772.9934924027137
0.0039                    0.01034                  772.993495007019
0.0039                    0.01056                  772.9934980441567
0.0039                    0.01078                  772.9935015185021
0.0039                    0.011000000000000001     772.993505426352
0.0039                    0.01122                  772.9935097625684
0.0039                    0.01144                  772.9935145362605
0.0039                    0.01166                  772.9935197610762
0.0039                    0.01188                  772.9935254511129
0.0039                    0.0121                   772.9935316338731
0.0039                    0.012320000000000001     772.9935383400308
0.0039                    0.01254                  772.9935455749553
0.0039                    0.01276                  772.9935533136638
0.0039                    0.01298                  772.9935615266769
0.0039                    0.0132                   772.9935702004339
0.0039                    0.01342                  772.9935793291066
0.0039                    0.013640000000000001     772.9935889215282
0.0039                    0.01386                  772.9935989907676
0.0039                    0.01408                  772.9936095302146
0.0039                    0.0143                   772.9936205323722
0.0039                    0.01452                  772.9936319880628
0.0039                    0.014740000000000001     772.9936438936287
0.0039                    0.014960000000000001     772.9936562594303
0.0039                    0.01518                  772.993669122828
0.0039                    0.0154                   772.9936825152531
0.0039                    0.01562                  772.993696456845
0.0039                    0.01584                  772.9937109580078
0.0039                    0.01606                  772.99372602654
0.0039                    0.01628                  772.9937416538878
0.0039                    0.0165                   772.9937578128958
0.0039                    0.016720000000000002     772.9937744981814
0.0039                    0.01694                  772.9937917092955
0.0039                    0.01716                  772.9938094625213
0.0039                    0.01738                  772.9938277595555
0.0039                    0.0176                   772.993846596327
0.0039                    0.01782                  772.9938659863436
0.0039                    0.01804                  772.9938859338383
0.0039                    0.018260000000000002     772.9939064288799
0.0039                    0.01848                  772.9939274639505
0.0039                    0.0187                   772.9939490391818
0.0039                    0.01892                  772.9939711523523
0.0039                    0.01914                  772.9939938147977
0.0039                    0.019360000000000002     772.994017041348
0.0039                    0.01958                  772.9940408364598
0.0039                    0.0198                   772.994065191021
0.0039                    0.02002                  772.9940900915517
0.0039                    0.02024                  772.9941155410401
0.0039                    0.02046                  772.9941415281567
0.0039                    0.02068                  772.994168046681
0.0039                    0.020900000000000002     772.9941951028197
0.0039                    0.02112                  772.9942227020455
0.0039                    0.02134                  772.994250839361
0.0039                    0.02156                  772.9942794979513
0.0039                    0.02178                  772.994308649736
0.0039                    0.022000000000000002     772.9943382843229
0.0039                    0.02222                  772.9943684016366
0.0039                    0.02244                  772.9943989880234
0.0039                    0.02266                  772.9944300345976
0.0039                    0.02288                  772.9944615348354
0.0039                    0.023100000000000002     772.9944934825911
0.0039                    0.02332                  772.9945258739474
0.0039                    0.023540000000000002     772.9945587035678
0.0039                    0.02376                  772.994591978375
0.0039                    0.02398                  772.9946257081245
0.0039                    0.0242                   772.9946598978879
0.0039                    0.02442                  772.9946945478334
0.0039                    0.024640000000000002     772.9947296362734
0.0039                    0.02486                  772.9947651348791
0.0039                    0.02508                  772.9948010330212
0.0039                    0.0253                   772.9948373214876
0.0039                    0.02552                  772.994873996168
0.0039                    0.025740000000000002     772.9949110566447
0.0039                    0.02596                  772.9949484988108
0.0039                    0.026180000000000002     772.9949863187018
0.0039                    0.0264                   772.9950245133871
0.0039                    0.02662                  772.9950630843289
0.0039                    0.02684                  772.9951020322677
0.0039                    0.02706                  772.9951413473617
0.0039                    0.027280000000000002     772.995181004024
0.0039                    0.0275                   772.9952209790531
0.0039                    0.02772                  772.9952612526185
0.0039                    0.02794                  772.9953018091793
0.0039                    0.02816                  772.9953426415138
0.0039                    0.028380000000000002     772.9953837485816
0.0039                    0.0286                   772.9954251266365
0.0039                    0.028820000000000002     772.9954667690358
0.0039                    0.02904                  772.9955086707514
0.0039                    0.02926                  772.9955508200328
0.0039                    0.029480000000000003     772.9955932122537
0.0039                    0.0297                   772.9956358476493
0.0039                    0.029920000000000002     772.9956787317186
0.0039                    0.03014                  772.9957218751662
0.0039                    0.03036                  772.9957652838125
0.0039                    0.03058                  772.9958089574479
0.0039                    0.0308                   772.9958528956657
0.0039                    0.031020000000000002     772.995897095611
0.0039                    0.03124                  772.9959415480342
0.0039                    0.03146                  772.9959862465624
0.0039                    0.03168                  772.9960311797693
0.0039                    0.0319                   772.9960763294125
0.0039                    0.03212                  772.9961216806838
0.0039                    0.03234                  772.9961672220958
0.0039                    0.03256                  772.9962129383458
0.0039                    0.032780000000000004     772.9962588190508
0.0039                    0.033                    772.9963048574411
0.0039                    0.03322                  772.9963510494176
0.0039                    0.033440000000000004     772.9963973916567
0.0039                    0.03366                  772.9964438777278
0.0039                    0.03388                  772.9964904983282
0.0039                    0.0341                   772.9965372450687
0.0039                    0.03432                  772.9965841123279
0.0039                    0.03454                  772.9966310951022
0.0039                    0.03476                  772.9966781868274
0.0039                    0.034980000000000004     772.9967253782557
0.0039                    0.0352                   772.9967726626857
0.0039                    0.03542                  772.9968200383752
0.0039                    0.03564                  772.996867502698
0.0039                    0.03586                  772.9969150550917
0.0039                    0.03608                  772.9969626956613
0.0039                    0.0363                   772.9970104219444
0.0039                    0.036520000000000004     772.9970582279186
0.0039                    0.03674                  772.9971061065128
0.0039                    0.03696                  772.9971540485991
0.0039                    0.037180000000000005     772.9972020442461
0.0039                    0.0374                   772.9972500853393
0.0039                    0.03762                  772.9972981644709
0.0039                    0.03784                  772.9973462758477
0.0039                    0.038060000000000004     772.9973944142815
0.0039                    0.03828                  772.997442574272
0.0039                    0.0385                   772.9974907498239
0.0039                    0.038720000000000004     772.9975389342134
0.0039                    0.03894                  772.9975871202457
0.0039                    0.03916                  772.997635301147
0.0039                    0.03938                  772.9976834696228
0.0039                    0.0396                   772.9977316173765
0.0039                    0.03982                  772.9977797350022
0.0039                    0.04004                  772.9978278136199
0.0039                    0.040260000000000004     772.9978758471204
0.0039                    0.04048                  772.9979238335966
0.0039                    0.0407                   772.9979717738765
0.0039                    0.04092                  772.9980196683208
0.0039                    0.04114                  772.998067517525
0.0039                    0.04136                  772.9981153188621
0.0039                    0.04158                  772.9981630686607
0.0039                    0.041800000000000004     772.9982107638863
0.0039                    0.04202                  772.9982584049111
0.0039                    0.04224                  772.9983059927409
0.0039                    0.042460000000000005     772.9983535275425
0.0039                    0.04268                  772.9984010086184
0.0039                    0.0429                   772.9984484298097
0.0039                    0.04312                  772.9984957810161
0.0039                    0.043340000000000004     772.9985430474217
0.0039                    0.04356                  772.9985902122833
0.0039                    0.04378                  772.99863726092
0.0039                    0.044000000000000004     772.9986841810941
0.0039                    0.04422                  772.9987309626769
0.0039                    0.04444                  772.9987775960133
0.0039                    0.04466                  772.9988240675423
0.0039                    0.04488                  772.9988703652216
0.0039                    0.0451                   772.9989164825159
0.0039                    0.04532                  772.9989624105824
0.0039                    0.045540000000000004     772.9990081394483
0.0039                    0.04576                  772.9990536626178
0.0039                    0.04598                  772.9990989752343
0.0039                    0.046200000000000005     772.9991440687509
0.0039                    0.04642                  772.9991889339561
0.0039                    0.04664                  772.9992335637622
0.0039                    0.04686                  772.9992779539199
0.0039                    0.047080000000000004     772.9993221020874
0.0039                    0.0473                   772.9993660031173
0.0039                    0.04752                  772.9994096579175
0.0039                    0.047740000000000005     772.999453067964
0.0039                    0.04796                  772.9994962335606
0.0039                    0.04818                  772.9995391622455
0.0039                    0.0484                   772.9995818627563
0.0039                    0.048620000000000003     772.9996243362659
0.0039                    0.04884                  772.9996665796623
0.0039                    0.04906                  772.9997085902962
0.0039                    0.049280000000000004     772.9997503632413
0.0039                    0.0495                   772.9997918939165
0.0039                    0.04972                  772.9998331749881
0.0039                    0.049940000000000005     772.9998742072424
0.0039                    0.05016                  772.999914988183
0.0039                    0.05038                  772.999955518878
0.0039                    0.0506                   772.9999958038637
0.0039                    0.050820000000000004     773.0000358511686
0.0039                    0.05104                  773.0000756686567
0.0039                    0.05126                  773.0001152513662
0.0039                    0.051480000000000005     773.0001545896206
0.0039                    0.0517                   773.0001936780071
0.0039                    0.05192                  773.0002325180176
0.0039                    0.05214                  773.0002711119619
0.0039                    0.052360000000000004     773.0003094529109
0.0039                    0.05258                  773.000347527762
0.0039                    0.0528                   773.0003853229355
0.0039                    0.053020000000000005     773.0004228244904
0.0039                    0.05324                  773.0004600195258
0.0039                    0.05346                  773.000496900031
0.0039                    0.05368                  773.0005334710918
0.0039                    0.0539                   773.0005697349249
0.0039                    0.05412                  773.0006056911673
0.0039                    0.05434                  773.0006413301412
0.0039                    0.054560000000000004     773.0006766430951
0.0039                    0.05478                  773.0007116259394
0.0039                    0.055                    773.0007462684966
0.0039                    0.055220000000000005     773.0007805613939
0.0039                    0.05544                  773.0008145035403
0.0039                    0.05566                  773.0008480907688
0.0039                    0.05588                  773.0008813237027
0.0039                    0.056100000000000004     773.0009141909658
0.0039                    0.05632                  773.0009466768315
0.0039                    0.05654                  773.0009787722739
0.0039                    0.056760000000000005     773.0010104750011
0.0039                    0.05698                  773.0010417901724
0.0039                    0.0572                   773.0010727352978
0.0039                    0.05742                  773.0011033261983
0.0039                    0.057640000000000004     773.0011335781057
0.0039                    0.05786                  773.0011634960738
0.0039                    0.05808                  773.0011930747777
0.0039                    0.058300000000000005     773.0012223026674
0.0039                    0.05852                  773.0012511626835
0.0039                    0.05874                  773.0012796431996
0.0039                    0.058960000000000005     773.0013077366589
0.0039                    0.05918                  773.0013354312285
0.0039                    0.0594                   773.0013627174092
0.0039                    0.05962                  773.0013895891717
0.0039                    0.059840000000000004     773.0014160411649
0.0039                    0.06006                  773.0014420776499
0.0039                    0.06028                  773.0014676917469
0.0039                    0.060500000000000005     773.0014928647819
0.0039                    0.06072                  773.0015175820802
0.0039                    0.06094                  773.0015418359782
0.0039                    0.06116                  773.0015656339006
0.0039                    0.061380000000000004     773.0015889865105
0.0039                    0.0616                   773.00161191643
0.0039                    0.06182                  773.0016344464332
0.0039                    0.062040000000000005     773.0016565913695
0.0039                    0.06226                  773.0016783652477
0.0039                    0.06248                  773.0016997634635
0.0039                    0.0627                   773.0017207847865
0.0039                    0.06292                  773.0017414150186
0.0039                    0.06314                  773.0017616241395
0.0039                    0.06336                  773.0017813921485
0.0039                    0.06358                  773.001800719017
0.0039                    0.0638                   773.0018196178254
0.0039                    0.06402000000000001      773.0018381034728
0.0039                    0.06424                  773.0018561971639
0.0039                    0.06446                  773.0018739110495
0.0039                    0.06468                  773.0018912406262
0.0039                    0.0649                   773.0019081782622
0.0039                    0.06512                  773.0019247164769
0.0039                    0.06534000000000001      773.0019408462456
0.0039                    0.06556000000000001      773.0019565582139
0.0039                    0.06578                  773.0019718382568
0.0039                    0.066                    773.001986675456
0.0039                    0.06622                  773.0020010723381
0.0039                    0.06644                  773.0020150271573
0.0039                    0.06666                  773.0020285330644
0.0039                    0.06688000000000001      773.0020415753648
0.0039                    0.0671                   773.002054141816
0.0039                    0.06732                  773.0020662223919
0.0039                    0.06754                  773.0020778094155
0.0039                    0.06776                  773.0020888975832
0.0039                    0.06798                  773.0020994848421
0.0039                    0.0682                   773.002109572319
0.0039                    0.06842000000000001      773.0021191563351
0.0039                    0.06864                  773.0021282319948
0.0039                    0.06886                  773.0021367938016
0.0039                    0.06908                  773.0021448388237
0.0039                    0.0693                   773.0021523638437
0.0039                    0.06952                  773.0021593651924
0.0039                    0.06974                  773.0021658388983
0.0039                    0.06996000000000001      773.002171782584
0.0039                    0.07018                  773.0021771873862
0.0039                    0.0704                   773.0021820435485
0.0039                    0.07062                  773.0021863358536
0.0039                    0.07084                  773.0021900584451
0.0039                    0.07106                  773.0021932174328
0.0039                    0.07128                  773.0021958166858
0.0039                    0.07150000000000001      773.0021978651765
0.0039                    0.07172                  773.0021993751063
0.0039                    0.07194                  773.0022003599163
0.0039                    0.07216                  773.002200830039
0.0039                    0.07238                  773.0022007948588
0.0039                    0.0726                   773.002200260385
0.0039                    0.07282                  773.0021992284917
0.0039                    0.07304000000000001      773.0021976985454
0.0039                    0.07326                  773.0021956686072
0.0039                    0.07348                  773.0021931341648
0.0039                    0.0737                   773.0021900870361
0.0039                    0.07392                  773.0021865207182
0.0039                    0.07414                  773.0021824239611
0.0039                    0.07436000000000001      773.0021777892131
0.0039                    0.07458000000000001      773.0021726137965
0.0039                    0.0748                   773.0021668921853
0.0039                    0.07502                  773.0021606253192
0.0039                    0.07524                  773.0021538198457
0.0039                    0.07546                  773.0021464763948
0.0039                    0.07568                  773.0021385928268
0.0039                    0.07590000000000001      773.002130161662
0.0039                    0.07612000000000001      773.0021211709965
0.0039                    0.07634                  773.0021116126497
0.0039                    0.07656                  773.0021014806716
0.0039                    0.07678                  773.0020907748992
0.0039                    0.077                    773.0020795063742
0.0039                    0.07722                  773.0020676753937
0.0039                    0.07744000000000001      773.0020552684607
0.0039                    0.07766                  773.0020422703819
0.0039                    0.07788                  773.0020286755132
0.0039                    0.0781                   773.0020144826456
0.0039                    0.07832                  773.0019997016987
0.0039                    0.07854                  773.0019843419931
0.0039                    0.07876                  773.0019684102406
0.0039                    0.07898000000000001      773.0019519090162
0.0039                    0.0792                   773.0019348432501
0.0039                    0.07942                  773.0019172184791
0.0039                    0.07964                  773.0018990339669
0.0039                    0.07986                  773.0018802962064
0.0039                    0.08008                  773.0018610104153
0.0039                    0.0803                   773.0018411806037
0.0039                    0.08052000000000001      773.0018208175665
0.0039                    0.08074                  773.0017999293904
0.0039                    0.08096                  773.0017785214603
0.0039                    0.08118                  773.0017565891561
0.0039                    0.0814                   773.0017341284132
0.0039                    0.08162                  773.0017111319276
0.0039                    0.08184                  773.001687592161
0.0039                    0.08206000000000001      773.0016635031151
0.0039                    0.08228                  773.0016388591619
0.0039                    0.0825                   773.001613654264
0.0039                    0.08272                  773.0015878842587
0.0039                    0.08294                  773.0015615416266
0.0039                    0.08316                  773.0015346242707
0.0039                    0.08338000000000001      773.0015071372308
0.0039                    0.08360000000000001      773.001479076491
0.0039                    0.08382                  773.0014504384617
0.0039                    0.08404                  773.001421220521
0.0039                    0.08426                  773.0013914223372
0.0039                    0.08448                  773.001361037941
0.0039                    0.0847                   773.0013300603961
0.0039                    0.08492000000000001      773.0012984876785
0.0039                    0.08514000000000001      773.0012663206802
0.0039                    0.08536                  773.0012335611618
0.0039                    0.08558                  773.0012002117085
0.0039                    0.0858                   773.0011662723332
0.0039                    0.08602                  773.0011317419721
0.0039                    0.08624                  773.0010966199026
0.0039                    0.08646000000000001      773.0010609067796
0.0039                    0.08668000000000001      773.0010245940575
0.0039                    0.0869                   773.000987669788
0.0039                    0.08712                  773.0009501219499
0.0039                    0.08734                  773.0009119367296
0.0039                    0.08756                  773.0008730976011
0.0039                    0.08778                  773.0008335833659
0.0039                    0.08800000000000001      773.0007933679735
0.0039                    0.08822                  773.0007524177217
0.0039                    0.08844                  773.0007106887848
0.0039                    0.08866                  773.0006681201266
0.0039                    0.08888                  773.0006246299043
0.0039                    0.0891                   773.0005801091015
0.0039                    0.08932                  773.0005344056893
0.0039                    0.08954000000000001      773.0004873032252
0.0039                    0.08976                  773.0004384818818
0.0039                    0.08998                  773.000387442478
0.0039                    0.0902                   773.0003333626464
0.0039                    0.09042                  773.0002747366748
0.0039                    0.09064                  773.0002083420625
0.0039                    0.09086                  773.0001262388515
0.0039                    0.09108000000000001      773.000045799854
0.0039                    0.0913                   773.0000243412167
0.0039                    0.09152                  773.0000166188703
0.0039                    0.09174                  773.0000123045538
0.0039                    0.09196                  773.0000094291609
0.0039                    0.09218                  773.0000073168317
0.0039                    0.09240000000000001      773.0000056668773
0.0039                    0.09262000000000001      773.0000043213329
0.0039                    0.09284                  773.0000031889499
0.0039                    0.09306                  773.0000022118945
0.0039                    0.09328                  773.0000013497462
0.0039                    0.0935                   773.0000005747132
0.0039                    0.09372                  772.9999998664042
0.0039                    0.09394000000000001      772.9999992094662
0.0039                    0.09416000000000001      772.9999985920621
0.0039                    0.09438                  772.9999980042642
0.0039                    0.0946                   772.999997438002
0.0039                    0.09482                  772.9999968866655
0.0039                    0.09504                  772.999996344775
0.0039                    0.09526                  772.9999958073404
0.0039                    0.09548000000000001      772.9999952699785
0.0039                    0.09570000000000001      772.9999947287045
0.0039                    0.09592                  772.9999941799587
0.0039                    0.09614                  772.999993620138
0.0039                    0.09636                  772.9999930458346
0.0039                    0.09658                  772.9999924536082
0.0039                    0.0968                   772.9999918402123
0.0039                    0.09702000000000001      772.999991202295
0.0039                    0.09724000000000001      772.9999905362796
0.0039                    0.09746                  772.9999898385217
0.0039                    0.09768                  772.9999891055486
0.0039                    0.0979                   772.9999883337401
0.0039                    0.09812                  772.9999875190435
0.0039                    0.09834                  772.999986657535
0.0039                    0.09856000000000001      772.9999857449063
0.0039                    0.09878                  772.9999847770163
0.0039                    0.099                    772.9999837498748
0.0039                    0.09922                  772.9999826588094
0.0039                    0.09944                  772.9999814989793
0.0039                    0.09966                  772.9999802656216
0.0039                    0.09988000000000001      772.9999789538141
0.0039                    0.10010000000000001      772.9999775582407
0.0039                    0.10032                  772.9999760733209
0.0039                    0.10054                  772.9999744928416
0.0039                    0.10076                  772.9999728105136
0.0039                    0.10098                  772.9999710203264
0.0039                    0.1012                   772.9999691150596
0.0039                    0.10142000000000001      772.9999670869332
0.0039                    0.10164000000000001      772.999964928057
0.0039                    0.10186                  772.9999626295318
0.0039                    0.10208                  772.9999601831638
0.0039                    0.1023                   772.9999575789255
0.0039                    0.10252                  772.9999548057831
0.0039                    0.10274                  772.9999518526387
0.0039                    0.10296000000000001      772.9999487077378
0.0039                    0.10318000000000001      772.9999453597635
0.0039                    0.1034                   772.9999417947673
0.0039                    0.10362                  772.999937998314
0.0039                    0.10384                  772.9999339552098
0.0039                    0.10406                  772.9999296499441
0.0039                    0.10428                  772.9999250669842
0.0039                    0.10450000000000001      772.9999201854614
0.0039                    0.10472000000000001      772.9999149866479
0.0039                    0.10494                  772.9999094489433
0.0039                    0.10516                  772.9999035509345
0.0039                    0.10538                  772.9998972697753
0.0039                    0.1056                   772.9998905782343
0.0039                    0.10582                  772.9998834487272
0.0039                    0.10604000000000001      772.9998758528212
0.0039                    0.10626000000000001      772.9998677639842
0.0039                    0.10648                  772.9998591460585
0.0039                    0.1067                   772.9998499657396
0.0039                    0.10692                  772.9998401853616
0.0039                    0.10714                  772.9998297663142
0.0039                    0.10736                  772.9998186718414
0.0039                    0.10758000000000001      772.9998068534475
0.0039                    0.1078                   772.9997942620648
0.0039                    0.10802                  772.9997808506097
0.0039                    0.10824                  772.9997665641635
0.0039                    0.10846                  772.9997513510174
0.0039                    0.10868                  772.9997351468228
0.0039                    0.10890000000000001      772.9997178845
0.0039                    0.10912000000000001      772.9996994952924
0.0039                    0.10934                  772.9996799103901
0.0039                    0.10956                  772.9996590535551
0.0039                    0.10978                  772.9996368354533
0.0039                    0.11                     772.9996131688971
0.0039                    0.11022                  772.9995879572562
0.0039                    0.11044000000000001      772.9995611098659
0.0039                    0.11066000000000001      772.999532519781
0.0039                    0.11088                  772.9995020609879
0.0039                    0.1111                   772.9994696162977
0.0039                    0.11132                  772.9994350582722
0.0039                    0.11154                  772.9993982596043
0.0039                    0.11176                  772.9993590649981
0.0039                    0.11198000000000001      772.9993173146077
0.0039                    0.11220000000000001      772.999272840464
0.0039                    0.11242                  772.9992254727421
0.0039                    0.11264                  772.9991750399606
0.0039                    0.11286                  772.9991213107111
0.0039                    0.11308                  772.9990640852787
0.0039                    0.1133                   772.9990031245777
0.0039                    0.11352000000000001      772.9989382071124
0.0039                    0.11374000000000001      772.9988690764591
0.0039                    0.11396                  772.998795439299
0.0039                    0.11418                  772.9987169899911
0.0039                    0.1144                   772.9986334419264
0.0039                    0.11462                  772.9985444713761
0.0039                    0.11484                  772.9984497156552
0.0039                    0.11506000000000001      772.9983487877884
0.0039                    0.11528000000000001      772.9982412722372
0.0039                    0.1155                   772.998126747658
0.0039                    0.11572                  772.9980048136077
0.0039                    0.11594                  772.9978749393285
0.0039                    0.11616                  772.9977365802384
0.0039                    0.11638                  772.9975892255559
0.0039                    0.11660000000000001      772.9974322795583
0.0039                    0.11682000000000001      772.9972651588866
0.0039                    0.11704                  772.9970871559634
0.0039                    0.11726                  772.9968975544876
0.0039                    0.11748                  772.9966955743575
0.0039                    0.1177                   772.9964804979585
0.0039                    0.11792000000000001      772.9962514616225
0.0039                    0.11814000000000001      772.9960074817258
0.0039                    0.11836                  772.9957476368734
0.0039                    0.11858                  772.9954708490244
0.0039                    0.1188                   772.9951761293718
0.0039                    0.11902                  772.9948622762662
0.0039                    0.11924                  772.9945279403386
0.0039                    0.11946000000000001      772.9941718286904
0.0039                    0.11968000000000001      772.9937925496858
0.0039                    0.1199                   772.9933887025013
0.0039                    0.12012                  772.9929585824555
0.0039                    0.12034                  772.9925004443755
0.0039                    0.12056                  772.992012425923
0.0039                    0.12078                  772.9914927256474
0.0039                    0.12100000000000001      772.9909394167566
0.0039                    0.12122000000000001      772.9903499484712
0.0039                    0.12144                  772.9897221213951
0.0039                    0.12166                  772.9890533743708
0.0039                    0.12188                  772.9883412894567
0.0039                    0.1221                   772.9875829767572
0.0039                    0.12232                  772.9867752803481
0.0039                    0.12254000000000001      772.9859149929553
0.0039                    0.12276000000000001      772.9849987074683
0.0039                    0.12298                  772.984023087382
0.0039                    0.1232                   772.9829840295887
0.0039                    0.12342                  772.9818772435672
0.0039                    0.12364                  772.9806983823861
0.0039                    0.12386                  772.9794427669414
0.0039                    0.12408000000000001      772.9781059538109
0.0039                    0.12430000000000001      772.976682077947
0.0039                    0.12452                  772.9751654440222
0.0039                    0.12474                  772.973550070795
0.0039                    0.12496                  772.9718298389953
0.0039                    0.12518                  772.9699978135308
0.0039                    0.1254                   772.9680466832318
0.0039                    0.12562                  772.9659684466295
0.0039                    0.12584                  772.9637547902728
0.0039                    0.12606                  772.961397608336
0.0039                    0.12628                  772.9588876090329
0.0039                    0.1265                   772.9562137723563
0.0039                    0.12672                  772.9533659663107
0.0039                    0.12694                  772.9503327840513
0.0039                    0.12716                  772.947102882381
0.0039                    0.12738                  772.9436631112794
0.0039                    0.1276                   772.9399991671272
0.0039                    0.12782000000000002      772.9360965174686
0.0039                    0.12804000000000001      772.9319399671969
0.0039                    0.12826                  772.9275142876741
0.0039                    0.12848                  772.9227999676605
0.0039                    0.1287                   772.9177788221829
0.0039                    0.12892                  772.9124300894073
0.0039                    0.12914                  772.9067338703593
0.0039                    0.12936                  772.9006685587931
0.0039                    0.12958                  772.8942078592515
0.0039                    0.1298                   772.8873256529829
0.0039                    0.13002                  772.8799944635723
0.0039                    0.13024                  772.8721878747873
0.0039                    0.13046                  772.8638737220542
0.0039                    0.13068000000000002      772.8550175873105
0.0039                    0.13090000000000002      772.8455819738647
0.0039                    0.13112000000000001      772.8355334463697
0.0039                    0.13134                  772.8248334727801
0.0039                    0.13156                  772.8134343477741
0.0039                    0.13178                  772.8012917868233
0.0039                    0.132                    772.7883560374171
0.0039                    0.13222                  772.7745777122321
0.0039                    0.13244                  772.7599048993859
0.0039                    0.13266                  772.7442746113142
0.0039                    0.13288                  772.7276228434259
0.0039                    0.1331                   772.709881843482
0.0039                    0.13332                  772.6909886812896
0.0039                    0.13354                  772.670860656614
0.0039                    0.13376000000000002      772.6494187266724
0.0039                    0.13398000000000002      772.6265713785566
0.0039                    0.1342                   772.6022271940402
0.0039                    0.13442                  772.5762989764244
0.0039                    0.13464                  772.5486740188824
0.0039                    0.13486                  772.5192373397443
0.0039                    0.13508                  772.4878683091689
0.0039                    0.1353                   772.4544388232589
0.0039                    0.13552                  772.4188237904257
0.0039                    0.13574                  772.3808675514716
0.0039                    0.13596                  772.3404065669993
0.0039                    0.13618                  772.2972676346875
0.0039                    0.1364                   772.2512836320018
0.0039                    0.13662                  772.2022633849654
0.0039                    0.13684000000000002      772.1499852985241
0.0039                    0.13706000000000002      772.0942187666128
0.0039                    0.13728                  772.0347076652597
0.0039                    0.1375                   771.9712171939503
0.0039                    0.13772                  771.9034490962077
0.0039                    0.13794                  771.831067628971
0.0039                    0.13816                  771.7537258216555
0.0039                    0.13838                  771.67103673421
0.0039                    0.1386                   771.5826053027906
0.0039                    0.13882                  771.48794743582
0.0039                    0.13904                  771.3865096507219
0.0039                    0.13926                  771.277669463301
0.0039                    0.13948                  771.1607866216129
0.0039                    0.13970000000000002      771.0350948429091
0.0039                    0.13992000000000002      770.8995978086731
0.0039                    0.14014000000000001      770.7532402070369
0.0039                    0.14036                  770.5946940623886
0.0039                    0.14058                  770.4224839269331
0.0039                    0.1408                   770.234711565455
0.0039                    0.14102                  770.0289478173387
0.0039                    0.14124                  769.8021624293481
0.0039                    0.14146                  769.5505627921427
0.0039                    0.14168                  769.2691273280685
0.0039                    0.1419                   768.9509393443132
0.0039                    0.14212                  768.5864546297693
0.0039                    0.14234                  768.1615804996181
0.0039                    0.14256                  767.6554734133135
0.0039                    0.14278000000000002      767.0353895187601
0.0039                    0.14300000000000002      766.2432590039998
0.0039                    0.14322000000000001      765.1693777128438
0.0039                    0.14344                  763.5691327678497
0.0039                    0.14366                  760.7402605606828
0.0039                    0.14388                  753.3533783619037
0.0039                    0.1441                   721.6158941191411
0.0039                    0.14432                  686.7619944677149
0.0039                    0.14454                  662.0635851431468
0.0039                    0.14476                  642.8078518036093
0.0039                    0.14498                  627.1184178862002
0.0039                    0.1452                   614.032849520816
0.0039                    0.14542                  602.9730301473487
0.0039                    0.14564                  593.5456632123526
0.0039                    0.14586000000000002      585.4643668588832
0.0039                    0.14608000000000002      578.5108938420124
0.0039                    0.1463                   572.5108558420243
0.0039                    0.14652                  567.3230537997587
0.0039                    0.14674                  562.8305212076137
0.0039                    0.14696                  558.9355102564017
0.0039                    0.14718                  555.555428617329
0.0039                    0.1474                   552.6203655429969
0.0039                    0.14762                  550.0702116428214
0.0039                    0.14784                  547.8534492905289
0.0039                    0.14806                  545.9257916029468
0.0039                    0.14828                  544.2490220852192
0.0039                    0.1485                   542.7902603725911
0.0039                    0.14872000000000002      541.5208741168874
0.0039                    0.14894000000000002      540.4160629489837
0.0039                    0.14916000000000001      539.4543791250616
0.0039                    0.14938                  538.6171950267488
0.0039                    0.1496                   537.888366912053
0.0039                    0.14982                  537.2538084142642
0.0039                    0.15004                  536.7012812648906
0.0039                    0.15026                  536.2201419637487
0.0039                    0.15048                  535.801199640246
0.0039                    0.1507                   535.4363868515711
0.0039                    0.15092                  535.1186982276151
0.0039                    0.15114                  534.842039701407
0.0039                    0.15136                  534.6011058138733
0.0039                    0.15158                  534.3912929442856
0.0039                    0.15180000000000002      534.2085832727987
0.0039                    0.15202000000000002      534.0494658805145
0.0039                    0.15224000000000001      533.9108931232923
0.0039                    0.15246                  533.7902103451221
0.0039                    0.15268                  533.6851116504128
0.0039                    0.1529                   533.5935820254168
0.0039                    0.15312                  533.513864258192
0.0039                    0.15334                  533.4444274644745
0.0039                    0.15356                  533.3839401400259
0.0039                    0.15378                  533.3312458920553
0.0039                    0.154                    533.2853282004991
0.0039                    0.15422                  533.2453046896619
0.0039                    0.15444                  533.2104035432494
0.0039                    0.15466                  533.1799507307596
0.0039                    0.15488000000000002      533.1533586561832
0.0039                    0.15510000000000002      533.130108813682
0.0039                    0.15532                  533.1097423804996
0.0039                    0.15554                  533.0918542526579
0.0039                    0.15576                  533.0760770711883
0.0039                    0.15598                  533.0620693955093
0.0039                    0.1562                   533.0494949047483
0.0039                    0.15642                  533.0379814215289
0.0039                    0.15664                  533.0270153652641
0.0039                    0.15686                  533.0156008092771
0.0039                    0.15708                  533.0050366070225
0.0039                    0.1573                   533.0022831032255
0.0039                    0.15752                  533.0013417824432
0.0039                    0.15774000000000002      533.0008647657338
0.0039                    0.15796000000000002      533.000584525244
0.0039                    0.15818000000000002      533.0004065579296
0.0039                    0.1584                   533.000288139793
0.0039                    0.15862                  533.0002068212667
0.0039                    0.15884                  533.0001498333484
0.0039                    0.15906                  533.0001093395257
0.0039                    0.15928                  533.0000801429902
0.0039                    0.1595                   533.000058878288
0.0039                    0.15972                  533.0000432142983
0.0039                    0.15994                  533.0000315867944
0.0039                    0.16016                  533.0000228949089
0.0039                    0.16038                  533.0000163273828
0.0039                    0.1606                   533.0000113145796
0.0039                    0.16082000000000002      533.0000074403046
0.0039                    0.16104000000000002      533.0000044144398
0.0039                    0.16126000000000001      533.0000020119172
0.0039                    0.16148                  533.0000000707873
0.0039                    0.1617                   532.9999984691511
0.0039                    0.16192                  532.9999971163332
0.0039                    0.16214                  532.9999959466503
0.0039                    0.16236                  532.9999949080935
0.0039                    0.16258                  532.9999939613565
0.0039                    0.1628                   532.9999930761754
0.0039                    0.16302                  532.9999922295239
0.0039                    0.16324                  532.9999914030881
0.0039                    0.16346                  532.9999905820367
0.0039                    0.16368                  532.9999897543646
0.0039                    0.16390000000000002      532.9999889102236
0.0039                    0.16412000000000002      532.9999880413092
0.0039                    0.16434                  532.9999871401926
0.0039                    0.16456                  532.999986200082
0.0039                    0.16478                  532.9999852149373
0.0039                    0.165                    532.9999841792883
0.0039                    0.16522                  532.9999830873605
0.0039                    0.16544                  532.9999819335466
0.0039                    0.16566                  532.9999807122592
0.0039                    0.16588                  532.999979418139
0.0039                    0.1661                   532.9999780455096
0.0039                    0.16632                  532.9999765884488
0.0039                    0.16654                  532.9999750405507
0.0039                    0.16676000000000002      532.9999733952171
0.0039                    0.16698000000000002      532.9999716463534
0.0039                    0.16720000000000002      532.9999697865851
0.0039                    0.16742                  532.9999678078937
0.0039                    0.16764                  532.9999657023073
0.0039                    0.16786                  532.9999634609309
0.0039                    0.16808                  532.9999610756498
0.0039                    0.1683                   532.9999585368982
0.0039                    0.16852                  532.9999558330471
0.0039                    0.16874                  532.9999529540507
0.0039                    0.16896                  532.9999498884888
0.0039                    0.16918                  532.9999466249837
0.0039                    0.1694                   532.9999431498682
0.0039                    0.16962                  532.9999394486608
0.0039                    0.16984000000000002      532.9999355066296
0.0039                    0.17006000000000002      532.9999313086099
0.0039                    0.17028000000000001      532.9999268395078
0.0039                    0.1705                   532.9999220788202
0.0039                    0.17072                  532.9999170083255
0.0039                    0.17094                  532.9999116074916
0.0039                    0.17116                  532.9999058561108
0.0039                    0.17138                  532.9998997318908
0.0039                    0.1716                   532.9998932090767
0.0039                    0.17182                  532.9998862610064
0.0039                    0.17204                  532.9998788600152
0.0039                    0.17226                  532.9998709803297
0.0039                    0.17248                  532.9998625864175
0.0039                    0.1727                   532.9998536468335
0.0039                    0.17292000000000002      532.9998441247996
0.0039                    0.17314000000000002      532.999833982569
0.0039                    0.17336000000000001      532.9998231832772
0.0039                    0.17358                  532.9998116830534
0.0039                    0.1738                   532.9997994303922
0.0039                    0.17402                  532.9997863812345
0.0039                    0.17424                  532.9997724849095
0.0039                    0.17446                  532.9997576853922
0.0039                    0.17468                  532.9997419245317
0.0039                    0.1749                   532.9997251351177
0.0039                    0.17512                  532.9997072526962
0.0039                    0.17534                  532.9996882107752
0.0039                    0.17556                  532.9996679332565
0.0039                    0.17578000000000002      532.9996463360796
0.0039                    0.17600000000000002      532.9996233318825
0.0039                    0.17622000000000002      532.999598827767
0.0039                    0.17644                  532.9995727365069
0.0039                    0.17666                  532.9995449520659
0.0039                    0.17688                  532.9995153584405
0.0039                    0.1771                   532.9994838328948
0.0039                    0.17732                  532.9994502607105
0.0039                    0.17754                  532.9994145104265
0.0039                    0.17776                  532.9993764353192
0.0039                    0.17798                  532.9993358823805
0.0039                    0.1782                   532.9992926794031
0.0039                    0.17842                  532.9992466790547
0.0039                    0.17864                  532.9991977010388
0.0039                    0.17886000000000002      532.9991455220734
0.0039                    0.17908000000000002      532.9990899487352
0.0039                    0.17930000000000001      532.9990307545961
0.0039                    0.17952                  532.9989677197893
0.0039                    0.17974                  532.9989005998651
0.0039                    0.17996                  532.9988291063113
0.0039                    0.18018                  532.9987529464411
0.0039                    0.1804                   532.9986718434768
0.0039                    0.18062                  532.9985854908123
0.0039                    0.18084                  532.9984935061623
0.0039                    0.18106                  532.9983955397128
0.0039                    0.18128                  532.998291195118
0.0039                    0.1815                   532.9981800546466
0.0039                    0.18172                  532.998061730473
0.0039                    0.18194000000000002      532.9979357008979
0.0039                    0.18216000000000002      532.9978014673381
0.0039                    0.18238000000000001      532.9976584908281
0.0039                    0.1826                   532.9975062205419
0.0039                    0.18282                  532.9973440884512
0.0039                    0.18304                  532.9971714086382
0.0039                    0.18326                  532.9969874805822
0.0039                    0.18348                  532.9967915726096
0.0039                    0.1837                   532.9965829594075
0.0039                    0.18392                  532.9963608205119
0.0039                    0.18414                  532.9961242182089
0.0039                    0.18436                  532.9958722127661
0.0039                    0.18458                  532.9956037965057
0.0039                    0.18480000000000002      532.9953180032668
0.0039                    0.18502000000000002      532.9950136515205
0.0039                    0.18524000000000002      532.9946894583142
0.0039                    0.18546                  532.994344158594
0.0039                    0.18568                  532.9939763882819
0.0039                    0.1859                   532.9935847993687
0.0039                    0.18612                  532.993167741243
0.0039                    0.18634                  532.992723534555
0.0039                    0.18656                  532.992250385114
0.0039                    0.18678                  532.9917465066175
0.0039                    0.187                    532.9912100089148
0.0039                    0.18722                  532.9906385854231
0.0039                    0.18744                  532.9900299267608
0.0039                    0.18766                  532.9893816406081
0.0039                    0.18788000000000002      532.9886913369274
0.0039                    0.18810000000000002      532.9879562500208
0.0039                    0.18832000000000002      532.9871732883302
0.0039                    0.18854                  532.9863393420826
0.0039                    0.18876                  532.9854510896007
0.0039                    0.18898                  532.9845054530819
0.0039                    0.1892                   532.9834981082761
0.0039                    0.18942                  532.982425249072
0.0039                    0.18964                  532.9812824854764
0.0039                    0.18986                  532.9800654528289
0.0039                    0.19008                  532.9787695744297
0.0039                    0.1903                   532.9773893854777
0.0039                    0.19052                  532.9759193052671
0.0039                    0.19074000000000002      532.9743535246483
0.0039                    0.19096000000000002      532.9726859673931
0.0039                    0.19118000000000002      532.9709103436903
0.0039                    0.19140000000000001      532.9690191553206
0.0039                    0.19162                  532.9670046487836
0.0039                    0.19184                  532.9648589351461
0.0039                    0.19206                  532.9625741245922
0.0039                    0.19228                  532.9601410069
0.0039                    0.1925                   532.9575491096973
0.0039                    0.19272                  532.954788622035
0.0039                    0.19294                  532.9518481201641
0.0039                    0.19316                  532.9487172588837
0.0039                    0.19338                  532.9453828504729
0.0039                    0.1936                   532.9418307670181
0.0039                    0.19382000000000002      532.9380471777581
0.0039                    0.19404000000000002      532.9340174956211
0.0039                    0.19426000000000002      532.9297264330102
0.0039                    0.19448000000000001      532.9251559581229
0.0039                    0.1947                   532.920287494197
0.0039                    0.19492                  532.9151014061308
0.0039                    0.19514                  532.909578091615
0.0039                    0.19536                  532.9036965378504
0.0039                    0.19558                  532.8974312527604
0.0039                    0.1958                   532.8907572909069
0.0039                    0.19602                  532.8836476231013
0.0039                    0.19624                  532.8760763157677
0.0039                    0.19646                  532.8680126323089
0.0039                    0.19668                  532.8594226033644
0.0039                    0.19690000000000002      532.8502707023757
0.0039                    0.19712000000000002      532.8405232962043
0.0039                    0.19734000000000002      532.8301432924819
0.0039                    0.19756                  532.8190843269153
0.0039                    0.19778                  532.8073040094974
0.0039                    0.198                    532.794753576443
0.0039                    0.19822                  532.7813839135866
0.0039                    0.19844                  532.7671459616502
0.0039                    0.19866                  532.7519782860414
0.0039                    0.19888                  532.735815023819
0.0039                    0.1991                   532.7185970870321
0.0039                    0.19932                  532.7002579396657
0.0039                    0.19954                  532.6807181861047
0.0039                    0.19976000000000002      532.6599009078169
0.0039                    0.19998000000000002      532.6377183438826
0.0039                    0.20020000000000002      532.6140816548648
0.0039                    0.20042000000000001      532.5889030773795
0.0039                    0.20064                  532.5620751059296
0.0039                    0.20086                  532.533482957122
0.0039                    0.20108                  532.5030143483546
0.0039                    0.2013                   532.4705415579176
0.0039                    0.20152                  532.4359392549418
0.0039                    0.20174                  532.3990622672834
0.0039                    0.20196                  532.3597453012261
0.0039                    0.20218                  532.3178283220325
0.0039                    0.2024                   532.2731384444534
0.0039                    0.20262                  532.2254953825454
0.0039                    0.20284000000000002      532.1746792002695
0.0039                    0.20306000000000002      532.1204699289882
0.0039                    0.20328000000000002      532.0626187982576
0.0039                    0.20350000000000001      532.0008991017502
0.0039                    0.20372                  531.9350162352514
0.0039                    0.20394                  531.8646418392786
0.0039                    0.20416                  531.7894448393554
0.0039                    0.20438                  531.7090520078847
0.0039                    0.2046                   531.6230761750252
0.0039                    0.20482                  531.5310449749418
0.0039                    0.20504                  531.4324268075742
0.0039                    0.20526                  531.3266286052269
0.0039                    0.20548                  531.2129943898648
0.0039                    0.2057                   531.0908192938563
0.0039                    0.20592000000000002      530.9591223572858
0.0039                    0.20614000000000002      530.8168870249252
0.0039                    0.20636000000000002      530.662843847775
0.0039                    0.20658                  530.4955135305922
0.0039                    0.2068                   530.3130617678016
0.0039                    0.20702                  530.1131614480859
0.0039                    0.20724                  529.8928902802866
0.0039                    0.20746                  529.6484466539792
0.0039                    0.20768                  529.3750978112058
0.0039                    0.2079                   529.0659942770511
0.0039                    0.20812                  528.7118934872178
0.0039                    0.20834                  528.2990962889404
0.0039                    0.20856                  527.8072607364453
0.0039                    0.20878000000000002      527.204707746189
0.0039                    0.20900000000000002      526.4346382787478
0.0039                    0.20922000000000002      525.3904830795827
0.0039                    0.20944000000000002      523.8339942742963
0.0039                    0.20966                  521.0813534746255
0.0039                    0.20988                  513.8916128596784
0.0039                    0.2101                   482.983614196693
0.0039                    0.21032                  449.1267657220538
0.0039                    0.21054                  425.1048954282174
0.0039                    0.21076                  406.38320284784606
0.0039                    0.21098                  391.12824134900563
0.0039                    0.2112                   378.4092488213224
0.0039                    0.21142                  367.662907481645
0.0039                    0.21164                  358.50541530335636
0.0039                    0.21186000000000002      350.6584772479493
0.0039                    0.21208000000000002      343.9081368565743
0.0039                    0.21230000000000002      338.08515247114127
0.0039                    0.21252000000000001      333.0518592726429
0.0039                    0.21274                  328.69442129338523
0.0039                    0.21296                  324.9172845707378
0.0039                    0.21318                  321.6402025471185
0.0039                    0.2134                   318.79514452611585
0.0039                    0.21362                  316.32351494548857
0.0039                    0.21384                  314.17539611529
0.0039                    0.21406                  312.30765097025744
0.0039                    0.21428                  310.6831303547823
0.0039                    0.2145                   309.26994015189183
0.0039                    0.21472                  308.04026771872185
0.0039                    0.21494000000000002      306.97008409491804
0.0039                    0.21516000000000002      306.0385435326547
0.0039                    0.21538000000000002      305.22756422127014
0.0039                    0.2156                   304.52144954726987
0.0039                    0.21582                  303.90661690551894
0.0039                    0.21604                  303.3711580586822
0.0039                    0.21626                  302.90477444481746
0.0039                    0.21648                  302.4984889658953
0.0039                    0.2167                   302.1444925299368
0.0039                    0.21692                  301.83600085749515
0.0039                    0.21714                  301.56709547110637
0.0039                    0.21736                  301.33258883661335
0.0039                    0.21758                  301.12799312955985
0.0039                    0.21780000000000002      300.9493706655217
0.0039                    0.21802000000000002      300.79328828222276
0.0039                    0.21824000000000002      300.6567365301412
0.0039                    0.21846000000000002      300.5370580658564
0.0039                    0.21868                  300.4319120686087
0.0039                    0.2189                   300.3392217922
0.0039                    0.21912                  300.25710271624934
0.0039                    0.21934                  300.1838237584672
0.0039                    0.21956                  300.117724224746
0.0039                    0.21978                  300.05710101014
0.0039                    0.22                     300
