% Model:              CVD_S_Multiphysics_AllPhysics.mph
% Version:            COMSOL 6.4.0.378
% Date:               Sep 7 2026, 23:39
% Dimension:          2
% Nodes:              150
% Expressions:        2
% Description:        Dependent variable w1, Dependent variable w2
% Length unit:        m
% R                       Z                        w1 (1)                   w2 (1)
7.5E-5                    0                        0.04245566755895286      0.4509787685738788
1.551020408163265E-4      0                        0.04246337528345963      0.4529230054022877
2.3520408163265304E-4     0                        0.042467391337766836     0.45396673497682466
3.1530612244897956E-4     0                        0.04246976008953539      0.45461283690739984
3.954081632653061E-4      0                        0.04247109541490401      0.4550085175810502
4.755102040816326E-4      0                        0.042471699363961085     0.4552229167744777
5.556122448979591E-4      0                        0.04247164891773052      0.45527232229150005
6.357142857142857E-4      0                        0.04247106289794615      0.45518408214150163
7.158163265306122E-4      0                        0.042469979066874705     0.4549611157801501
7.959183673469387E-4      0                        0.04246840522565606      0.454606648464908
8.760204081632653E-4      0                        0.042466394895406746     0.4541330429181486
9.561224489795918E-4      0                        0.04246394957783067      0.45353525425271424
0.0010362244897959183     0                        0.042461070790849445     0.45281413826744926
0.0011163265306122448     0                        0.042457788294333054     0.4519797939876378
0.0011964285714285714     0                        0.04245410020877803      0.4510255913416963
0.001276530612244898      0                        0.04245001181164187      0.4499548027339403
0.0013566326530612244     0                        0.04244554181637971      0.4487725737461407
0.001436734693877551      0                        0.04244068693853181      0.4474737130612529
0.0015168367346938775     0                        0.042435464959425614     0.44606801607253577
0.001596938775510204      0                        0.04242988076099416      0.4445511165321504
0.0016770408163265305     0                        0.042423939748189685     0.44292629178368226
0.001757142857142857      0                        0.042417661804353086     0.4411991185427061
0.0018372448979591836     0                        0.04241104512184788      0.43936528983336176
0.0019173469387755101     0                        0.042404111856385845     0.43743643867916765
0.0019974489795918367     0                        0.04239686804591891      0.43540822900993614
0.002077551020408163      0                        0.0423893216741622       0.4332855251011269
0.0021576530612244897     0                        0.04238149580020952      0.4310746790094453
0.0022377551020408165     0                        0.04237339011496487      0.4287729132965511
0.0023178571428571428     0                        0.04236502988900367      0.4263927066405864
0.002397959183673469      0                        0.0423564224644728       0.4239313716347307
0.002478061224489796      0                        0.042347577796020996     0.42139485081781247
0.0025581632653061226     0                        0.04233852022760389      0.4187908473722968
0.002638265306122449      0                        0.042329250705743435     0.41611830373785913
0.002718367346938775      0                        0.04231979497565338      0.4133899198095309
0.002798469387755102      0                        0.04231016091067802      0.4106057151338289
0.0028785714285714287     0                        0.042300358316974616     0.4077716370442195
0.002958673469387755      0                        0.042290412378049265     0.40489817476006085
0.0030387755102040813     0                        0.042280324153874387     0.40198497853982507
0.003118877551020408      0                        0.04227010963806321      0.3990414818107502
0.003198979591836735      0                        0.04225979053402765      0.39607723027727815
0.003279081632653061      0                        0.04224936696091654      0.39309213762164646
0.0033591836734693874     0                        0.04223885134032668      0.3900940436216474
0.003439285714285714      0                        0.042228262911385185     0.38709295457873744
0.003519387755102041      0                        0.042217601373275716     0.3840883547156061
0.0035994897959183672     0                        0.042206881996608235     0.38108995525327516
0.0036795918367346935     0                        0.04219611072700215      0.3781007641617776
0.0037596938775510203     0                        0.042185293076919816     0.375124416761197
0.003839795918367347      0                        0.04217443587738199      0.37216509316874136
0.003919897959183674      0                        0.04216354242949227      0.36922514673043794
0.004                     0                        0.04215261423612415      0.36630588227649874
7.5E-5                    0.055                    0.046037221804560664     0.6264794205946673
1.551020408163265E-4      0.055                    0.046046570825821705     0.6283670929549247
2.3520408163265304E-4     0.055                    0.04605172981239993      0.6294073777339074
3.1530612244897956E-4     0.055                    0.04605499973321407      0.6300674681571995
3.954081632653061E-4      0.055                    0.04605706609983164      0.6304865626986831
4.755102040816326E-4      0.055                    0.046058209873826604     0.6307217888130497
5.556122448979591E-4      0.055                    0.046058580006072714     0.6308034006684956
6.357142857142857E-4      0.055                    0.046058233772626835     0.630743072345745
7.158163265306122E-4      0.055                    0.04605723678426449      0.6305539787494527
7.959183673469387E-4      0.055                    0.04605560433168501      0.6302391925881196
8.760204081632653E-4      0.055                    0.0460533651350716       0.6298042622831903
9.561224489795918E-4      0.055                    0.04605053210342347      0.6292515173387063
0.0010362244897959183     0.055                    0.046047114866560046     0.6285826373700073
0.0011163265306122448     0.055                    0.046043127438406224     0.6277999288787792
0.0011964285714285714     0.055                    0.04603857650531734      0.6269043670738913
0.001276530612244898      0.055                    0.04603347297867327      0.6258975253026636
0.0013566326530612244     0.055                    0.04602782731214574      0.6247808415681095
0.001436734693877551      0.055                    0.04602164735283406      0.6235553742724195
0.0015168367346938775     0.055                    0.046014945310748255     0.6222227636346042
0.001596938775510204      0.055                    0.046007732683837246     0.6207845712650601
0.0016770408163265305     0.055                    0.04600002081043303      0.6192423257572693
0.001757142857142857      0.055                    0.045991823536920676     0.6175979682160603
0.0018372448979591836     0.055                    0.0459831552081052       0.6158535022691092
0.0019173469387755101     0.055                    0.045974029475418995     0.6140109119899647
0.0019974489795918367     0.055                    0.04596446427970936      0.6120728369710635
0.002077551020408163      0.055                    0.0459544739532725       0.610041441311735
0.0021576530612244897     0.055                    0.04594407899356457      0.6079198698260738
0.0022377551020408165     0.055                    0.04593329467004519      0.6057105574217133
0.0023178571428571428     0.055                    0.045922145197003834     0.6034173915456008
0.002397959183673469      0.055                    0.04591064510548267      0.6010427934055298
0.002478061224489796      0.055                    0.045898822638204405     0.5985915406107979
0.0025581632653061226     0.055                    0.04588669298521849      0.5960662803499818
0.002638265306122449      0.055                    0.04587428556655315      0.5934722198710644
0.002718367346938775      0.055                    0.045861618179597996     0.5908126084453089
0.002798469387755102      0.055                    0.04584872269408305      0.588093367397984
0.0028785714285714287     0.055                    0.04583561618240555      0.5853177469513062
0.002958673469387755      0.055                    0.045822334240359225     0.5824926735567466
0.0030387755102040813     0.055                    0.04580889415323772      0.5796215828840774
0.003118877551020408      0.055                    0.045795334964107315     0.5767124053315696
0.003198979591836735      0.055                    0.04578167135804174      0.5737681894301938
0.003279081632653061      0.055                    0.04576794968366253      0.570798741533485
0.0033591836734693874     0.055                    0.045754183278262306     0.5678069393723103
0.003439285714285714      0.055                    0.045740418195400756     0.5648029371010348
0.003519387755102041      0.055                    0.04572667164410394      0.561790577908895
0.0035994897959183672     0.055                    0.045712989086696854     0.5587802168027457
0.0036795918367346935     0.055                    0.04569939305644353      0.5557771012147402
0.0037596938775510203     0.055                    0.04568592359949006      0.5527906431470253
0.003839795918367347      0.055                    0.04567261377460345      0.5498287639691544
0.003919897959183674      0.055                    0.0456594981903478       0.5468998578844836
0.004                     0.055                    0.04564661294360312      0.5440127972564806
7.5E-5                    0.11                     0.050172559405019336     0.8225417159628324
1.551020408163265E-4      0.11                     0.05018531633227479      0.8241049448246122
2.3520408163265304E-4     0.11                     0.05019236407211333      0.8249663294175342
3.1530612244897956E-4     0.11                     0.0501968281584696       0.8255140221121758
3.954081632653061E-4      0.11                     0.050199643001374895     0.825864187921878
4.755102040816326E-4      0.11                     0.05020118418326589      0.8260636681886093
5.556122448979591E-4      0.11                     0.050201655327249864     0.82613792712403
6.357142857142857E-4      0.11                     0.05020114593345032      0.8260981348560523
7.158163265306122E-4      0.11                     0.05019973297735429      0.8259537180743225
7.959183673469387E-4      0.11                     0.05019743631785121      0.825707124468178
8.760204081632653E-4      0.11                     0.05019430836184798      0.8253642140465742
9.561224489795918E-4      0.11                     0.05019035396521003      0.8249253673693655
0.0010362244897959183     0.11                     0.05018559992635419      0.8243929947723273
0.0011163265306122448     0.11                     0.05018005622260588      0.8237678067530518
0.0011964285714285714     0.11                     0.050173743334511176     0.8230510592135315
0.001276530612244898      0.11                     0.05016667091592404      0.8222432554497536
0.0013566326530612244     0.11                     0.05015886015024128      0.8213454257569002
0.001436734693877551      0.11                     0.05015032110346375      0.820357975855892
0.0015168367346938775     0.11                     0.05014107943760462      0.8192820316516716
0.001596938775510204      0.11                     0.050131144329176175     0.8181179961746948
0.0016770408163265305     0.11                     0.050120544218363074     0.8168671374894113
0.001757142857142857      0.11                     0.05010929398078015      0.8155301044163838
0.0018372448979591836     0.11                     0.0500974200341489       0.8141082469161885
0.0019173469387755101     0.11                     0.05008494386466508      0.8126026076336416
0.0019974489795918367     0.11                     0.05007189164568686      0.8110146484197469
0.002077551020408163      0.11                     0.050058287362022794     0.8093457348416637
0.0021576530612244897     0.11                     0.0500441611434289       0.8075977319721556
0.0022377551020408165     0.11                     0.05002953896055501      0.8057723078328252
0.0023178571428571428     0.11                     0.05001445112051086      0.8038715970609379
0.002397959183673469      0.11                     0.04999892909247693      0.8018978880763177
0.002478061224489796      0.11                     0.049982999878433035     0.7998533030192722
0.0025581632653061226     0.11                     0.04996670527311618      0.7977413263367324
0.002638265306122449      0.11                     0.04995006441854003      0.7955636300436467
0.002718367346938775      0.11                     0.049933123855878205     0.7933245433750364
0.002798469387755102      0.11                     0.0499159115639847       0.7910268397160924
0.0028785714285714287     0.11                     0.04989846274542333      0.7886741700477717
0.002958673469387755      0.11                     0.04988082014024836      0.7862712677932396
0.0030387755102040813     0.11                     0.04986301170716464      0.7838213750706527
0.003118877551020408      0.11                     0.04984508097735995      0.7813298157949675
0.003198979591836735      0.11                     0.049827062477145884     0.7788010092245072
0.003279081632653061      0.11                     0.049808999970443545     0.7762409087531106
0.0033591836734693874     0.11                     0.04979092171902494      0.7736534653685833
0.003439285714285714      0.11                     0.049772888273690925     0.7710477041762795
0.003519387755102041      0.11                     0.04975491485211328      0.768426001804197
0.0035994897959183672     0.11                     0.0497370600563502       0.7657977404995636
0.0036795918367346935     0.11                     0.049719356301590384     0.7631683763120078
0.0037596938775510203     0.11                     0.04970185076028913      0.7605461209310719
0.003839795918367347      0.11                     0.04968458442332441      0.7579383840852074
0.003919897959183674      0.11                     0.04966759989943905      0.7553531168802593
0.004                     0.11                     0.04965094128221885      0.7527987986890761
